CHROM	POS
1	4596288
1	4601724
1	4917460
1	4921516
1	5348639
1	5348914
1	6196517
1	8284019
1	17398069
1	17400061
1	24215473
1	24219374
1	24220278
1	24932510
1	34302265
1	59092501
1	81302425
1	81427559
1	94229586
1	94465677
1	102778250
1	103612149
1	105489817
1	105490540
1	105506748
1	106125135
1	106128734
1	106129589
1	106131147
1	116732423
1	116741307
1	158189881
1	158191394
1	158357321
1	164086244
1	164096683
1	164097640
1	165596399
1	179441326
1	195825342
1	195829664
1	196786069
1	211684627
1	216659036
1	216664711
1	220879533
1	224267541
1	224283515
1	233922640
1	238855190
1	244485817
1	246380688
1	246381160
1	246400615
1	246405817
1	246410558
1	247627001
1	247628307
1	249124258
2	860448
2	1119227
2	1138967
2	1138977
2	1139152
2	1139381
2	1139647
2	1367943
2	1605422
2	1844058
2	7631263
2	7670584
2	7674571
2	7680503
2	10982107
2	14239328
2	14239418
2	16948300
2	34139753
2	34143379
2	35744203
2	35871491
2	35887821
2	35891391
2	35952400
2	42237228
2	82036385
2	101081583
2	109920379
2	118394782
2	128814544
2	129359232
2	168020091
2	168026675
2	173057724
2	179931196
2	179932838
2	179933235
2	182596707
2	209616650
2	209628871
2	214726989
2	223877776
2	223962045
2	224098693
2	224638996
2	224887004
2	228091374
2	230050426
2	236265715
2	237765359
2	237816759
2	237851485
2	237968214
2	237968397
2	237968421
2	241117578
2	241118322
3	2958044
3	3972896
3	3973571
3	7981422
3	8971710
3	14903960
3	22458328
3	22458581
3	36501939
3	41587736
3	41592024
3	45215141
3	45217568
3	56757528
3	61194630
3	73898863
3	95153561
3	95156586
3	95159339
3	95161389
3	95178221
3	98728309
3	98734640
3	98754077
3	98755371
3	102977983
3	103945035
3	104417351
3	104418024
3	106035097
3	106036039
3	106362726
3	122302254
3	125950236
3	129661843
3	129661844
3	129664970
3	143678330
3	144339460
3	145043291
3	148623451
3	152319954
3	153681307
3	164092625
3	164116704
3	165457743
3	165854648
3	166544771
3	172666061
3	185262999
3	190519562
3	191300672
3	192587895
3	194333548
4	1051845
4	2189687
4	2372929
4	3831941
4	4254467
4	4686225
4	4687781
4	4808990
4	5292047
4	5311487
4	5315138
4	5717229
4	7216154
4	10728759
4	12087957
4	12091911
4	17693079
4	32200878
4	32256576
4	32644678
4	32644737
4	32645692
4	32646855
4	35512775
4	37761881
4	38953755
4	42677212
4	43154744
4	46755304
4	56037628
4	56144663
4	56147317
4	56147967
4	57698600
4	57918296
4	57918427
4	57918492
4	57919221
4	57919429
4	57919462
4	57919705
4	57920087
4	58169278
4	58487669
4	58491082
4	58495926
4	58570867
4	58966321
4	59279374
4	59953267
4	61812912
4	69353791
4	70020454
4	70407784
4	71110866
4	71116623
4	71208589
4	71209448
4	71210148
4	71210198
4	71210321
4	71210336
4	71210379
4	71210383
4	71210674
4	71210970
4	71211089
4	71386175
4	73498041
4	75770514
4	75771040
4	76194522
4	76201612
4	77041727
4	77075845
4	78215282
4	78220653
4	78243789
4	78245677
4	78252908
4	78255950
4	78257691
4	79036353
4	79457056
4	83662037
4	95766650
4	95777866
4	96755508
4	98177961
4	98179053
4	106903763
4	115378668
4	115378707
4	115379049
4	115379114
4	115379147
4	115379445
4	115379737
4	115384571
4	116373510
4	131616770
4	131770266
4	131799296
4	137954098
4	138162762
4	141916900
4	141921518
4	143038810
4	143039478
4	144655489
4	144655553
4	144655761
4	144656154
4	144656455
4	144657114
4	144657530
4	144657596
4	144658471
4	144658716
4	144658748
4	144659344
4	144659625
4	144661234
4	144662054
4	144891961
4	144894914
4	144905601
4	144918152
4	146599697
4	148518052
4	162031025
4	162038353
4	162227322
4	165486233
4	165753488
4	166350327
4	166453971
4	166456022
4	166740119
4	166740488
4	170844105
4	171583722
4	172136342
4	178755184
4	179519112
4	180069715
4	182074429
4	184465771
4	185639762
4	185648997
4	189503154
5	2252174
5	2348028
5	2352340
5	4002693
5	4196037
5	6013931
5	6016719
5	8017470
5	8017589
5	8017599
5	8017653
5	8018093
5	8019295
5	8019633
5	8019652
5	8020403
5	8020404
5	8020454
5	8020458
5	8020459
5	8020512
5	8021175
5	8021456
5	8021486
5	8022924
5	8023664
5	8024003
5	8739932
5	16649258
5	16649293
5	16919819
5	16919992
5	17191835
5	18472345
5	23368546
5	23368606
5	23368742
5	23373708
5	24121480
5	26815983
5	29637400
5	29637695
5	73841665
5	84448958
5	91555338
5	100965589
5	102025214
5	108607038
5	114989301
5	121255247
5	125188051
5	128282115
5	128306279
5	128307611
5	128308100
5	128308518
5	128519694
5	128521126
5	128521853
5	128522484
5	128570664
5	146643213
5	150224952
5	151474693
5	157520824
5	159119145
5	162642524
5	162645158
5	165080425
5	171532333
5	174657615
5	178641578
5	178900471
5	178912416
6	3264101
6	4414707
6	8010768
6	8038863
6	8444583
6	9884109
6	11402048
6	11402933
6	39240639
6	40704427
6	64827523
6	71068561
6	74613213
6	74628560
6	79180171
6	79182375
6	79358112
6	82044542
6	103932987
6	111965632
6	112526078
6	130583350
6	131804334
6	131806423
6	132211763
6	138688453
6	138689511
6	143889241
6	143896358
6	143896897
6	150409088
6	158128039
6	158130888
6	158642796
6	158687904
6	159567658
6	164400644
6	165275367
6	166673913
7	1200568
7	6351032
7	8679760
7	8683240
7	8683792
7	8699615
7	8975369
7	11326050
7	11920521
7	19626523
7	19817016
7	19912040
7	32245473
7	36546976
7	36547139
7	36547245
7	54134399
7	68189716
7	81109299
7	86617284
7	95182014
7	107918836
7	147161450
7	158533002
7	158537244
8	3139964
8	4794834
8	5611342
8	8561452
8	15064765
8	15298787
8	21455324
8	23402878
8	23411778
8	25054160
8	30588485
8	39799648
8	40363353
8	40367713
8	54528520
8	54529100
8	54579588
8	56406923
8	56409748
8	61212751
8	63887480
8	74978724
8	83279723
8	108668787
8	112137496
8	120860230
8	122061193
8	141458223
8	144209692
9	4658369
9	7215204
9	8311692
9	8754027
9	8756329
9	9426049
9	25075123
9	29556759
9	31706527
9	31975249
9	31980109
9	31985570
9	71690246
9	87176031
9	91259260
9	106949575
9	118329681
9	120614691
9	124603372
9	126961448
9	136143120
9	136412346
9	136413499
9	137919439
10	3077257
10	3077270
10	3968443
10	7013281
10	9514887
10	9518670
10	15590969
10	24659263
10	25593349
10	25593541
10	25648263
10	26184344
10	26285136
10	26332681
10	26332856
10	26342327
10	26344103
10	27506773
10	29841407
10	29841440
10	55130065
10	55817673
10	58548623
10	59295237
10	59743156
10	59743375
10	59744002
10	59781837
10	59788632
10	60279701
10	62623360
10	67278595
10	67279509
10	85224231
10	95598687
10	95605517
10	95605830
10	107036617
10	115325092
10	118255747
10	118256434
10	118259283
10	123773827
10	123880823
10	123882534
10	125675414
10	127116552
10	127116756
10	127667412
10	127734382
10	129511680
10	129516616
10	132284225
10	132883127
10	132948199
10	133082602
10	133919705
11	4791934
11	5190598
11	5373738
11	5425847
11	5431041
11	11367529
11	13105220
11	24168665
11	24170632
11	24791431
11	24791985
11	24792057
11	24794582
11	26011361
11	26109484
11	40545740
11	44431850
11	60277417
11	79981240
11	82365378
11	88480491
11	97917576
11	99505250
11	99508379
11	100824350
11	103213888
11	103214225
11	103783011
11	115969151
11	122584090
11	129448878
11	130973046
11	131468911
11	133338872
12	17883756
12	17884993
12	20185739
12	25129360
12	28990099
12	28990153
12	29641983
12	32389969
12	32390376
12	33380754
12	39134621
12	41993858
12	44300467
12	47727196
12	47727368
12	47727590
12	47942119
12	53027007
12	55346421
12	61786568
12	71762281
12	73205714
12	73209631
12	78996402
12	78997069
12	86140226
12	95805247
12	108420224
12	119536289
12	125315507
12	129882795
12	129883143
12	129883681
12	131232989
12	131233395
12	131246896
12	131474317
13	22494297
13	27304568
13	28264764
13	28625670
13	36315922
13	37970955
13	37973335
13	39531410
13	39532100
13	56158166
13	59433547
13	59439991
13	59450873
13	60014052
13	60014076
13	61162067
13	64000261
13	74300726
13	86341536
13	93700168
13	96134632
13	96137741
13	98755494
13	100726695
13	100729869
13	100732753
13	100735563
13	105119275
13	105120130
13	105120163
13	106538584
13	106544789
13	106707276
13	107435909
13	112893070
13	112893987
13	113616592
14	22758552
14	23102439
14	24249394
14	24252487
14	24942705
14	24947136
14	34715771
14	34719263
14	40108713
14	48753429
14	48754931
14	48760293
14	48766729
14	72813956
14	83274627
14	89538401
14	89539744
14	95367056
14	106529056
15	27026917
15	33430022
15	33432602
15	34034421
15	46128874
15	54984861
15	60594999
15	89374114
15	94366986
15	97442668
15	98369580
15	98608526
16	1911434
16	1912868
16	1912995
16	1914787
16	5604096
16	5605114
16	6505174
16	6926755
16	7091430
16	8157856
16	8534489
16	8710085
16	8753058
16	9809020
16	12688896
16	26512947
16	54773596
16	78376201
16	78487452
16	78488838
16	79549403
16	79881617
16	81274833
16	81906193
16	83142486
16	85967744
16	87207621
16	87667136
17	1148810
17	3619386
17	5777202
17	7543472
17	8253533
17	8254238
17	9649460
17	9700357
17	11304945
17	13787031
17	33563709
17	39630001
17	43818946
17	50338821
17	50938970
17	50939682
17	58829124
17	70908606
17	70908616
17	70908702
17	70908780
17	75250091
17	80665283
18	3953492
18	5029744
18	5962163
18	8652741
18	10359548
18	12002963
18	28726499
18	28815345
18	28890742
18	29076049
18	47278147
18	51438708
18	58462588
18	64894937
18	66038094
18	70609904
19	6195234
19	6282803
19	6783063
19	7698653
19	22710257
19	22710420
19	29313677
19	29821569
19	29840591
19	29840658
19	32136270
19	32139081
19	35676265
19	39538324
19	39538854
19	48513820
19	48536600
19	48536743
19	49886729
19	52177917
20	5875222
20	7605481
20	8812409
20	50674712
20	51161408
20	52095390
20	52745040
20	52817810
20	53433460
20	55456644
20	59606364
20	59920447
20	59934009
20	59934631
20	59975893
20	60011044
20	61710888
20	61712164
20	62137648
20	62166775
21	19272474
21	20437683
21	21677669
21	21827039
21	21902525
21	21902800
21	23379740
21	24976579
21	24976746
21	25458410
21	30114790
21	31626762
21	41132612
21	41205117
21	41205924
21	41206052
21	41206282
21	41206344
21	41206450
21	41206455
21	41206922
21	41207039
21	41207292
21	41207370
21	41207549
21	41207601
21	41207783
21	41207829
21	41207929
21	41208471
21	41208709
21	41208874
21	42818106
21	44465348
22	17905851
22	24164467
22	35454822
22	44932877
22	47441201
22	48365296
22	49106436
22	49337499
22	49337503
22	49338229
