CHROM	POS
1	4917460
1	4921516
1	106125135
1	106129589
1	116732423
1	246380688
1	246405817
1	247627001
2	1138967
2	1138977
2	1139381
2	1139647
2	14239418
2	35952400
2	129359232
2	224638996
2	224887004
2	237968214
2	237968397
2	237968421
3	122302254
3	145043291
4	32646855
4	56144663
4	56147317
4	56147967
4	57698600
4	57918296
4	57919221
4	57919429
4	57919462
4	57919705
4	58495926
4	58570867
4	71210148
4	71210198
4	71210321
4	71210336
4	71386175
4	115378668
4	115378707
4	115379049
4	115379114
4	115379147
4	115379445
4	115379737
4	144655489
4	144655553
4	144655761
4	144656455
4	144658471
4	144658748
4	144659344
4	144659625
4	166453971
4	172136342
4	180069715
5	2352340
5	8017470
5	8017589
5	8017599
5	8017653
5	8018093
5	8019295
5	8019633
5	8019652
5	8020403
5	8020404
5	8020454
5	8020458
5	8020459
5	8020512
5	8021175
5	8023664
5	8024003
5	16919819
5	16919992
5	29637400
5	29637695
5	128282115
6	39240639
6	166673913
7	19817016
7	19912040
7	36547245
8	3139964
8	21455324
8	54528520
8	74978724
9	7215204
10	25593349
10	25593541
10	26184344
10	29841407
10	59743375
10	59744002
10	62623360
10	67278595
10	67279509
10	127116552
11	5373738
11	5425847
11	24791431
11	24791985
11	24792057
11	133338872
13	37973335
13	59433547
13	60014076
13	74300726
14	22758552
14	89538401
14	89539744
15	54984861
16	5605114
16	78487452
16	87207621
17	70908606
18	66038094
19	29313677
20	52817810
21	41206052
21	41206282
21	41206344
21	41206450
21	41206455
21	41207039
21	41207370
21	41207549
21	41208471
21	41208709
21	41208874
22	17905851
