CHROM	POS
1	4917460
1	5348639
1	116732423
1	246380688
1	247627001
2	1138967
2	1138977
2	1139381
2	1139647
2	35952400
2	224638996
2	237968214
2	237968397
2	237968421
4	12087957
4	56144663
4	56147317
4	56147967
4	57698600
4	57918296
4	57919429
4	57919462
4	71210148
4	71210198
4	71210321
4	71210336
4	71210970
4	71386175
4	115378668
4	115378707
4	115379049
4	115379114
4	115379147
4	115379445
4	115379737
4	141921518
4	144655489
4	144655553
4	144655761
4	144658471
4	144658748
4	144659344
4	144659625
4	144662054
4	180069715
5	8017470
5	8017589
5	8017599
5	8017653
5	8018093
5	8019295
5	8019633
5	8019652
5	8020512
5	8024003
5	16919819
5	16919992
5	29637400
5	29637695
6	166673913
8	21455324
10	25593349
10	62623360
10	67279509
11	5373738
11	24791985
11	24792057
11	133338872
13	37973335
13	59433547
14	22758552
14	89538401
17	70908606
20	52817810
21	41206052
21	41206282
21	41206344
21	41206450
21	41206455
21	41207292
21	41207370
21	41207549
21	41208471
21	41208709
21	41208874
